3 2006
1.192564 1.879558 1.733801
1.230261 1.927573 1.791725
1.268594 1.974893 1.853401
1.307504 2.021265 1.918915
1.346919 2.066410 1.988334
1.386758 2.110031 2.061707
1.426930 2.151812 2.139055
1.467334 2.191413 2.220375
1.507854 2.228480 2.305629
1.548367 2.262644 2.394745
1.588735 2.293522 2.487611
1.628809 2.320724 2.584073
1.668430 2.343854 2.683929
1.707424 2.362518 2.786930
1.745611 2.376330 2.892773
1.782798 2.384916 3.001105
1.818784 2.387923 3.111518
1.853362 2.385024 3.223552
1.886318 2.375930 3.336695
1.917435 2.360396 3.450389
1.946496 2.338227 3.564030
1.973283 2.309286 3.676981
1.997583 2.273505 3.788573
2.019190 2.230883 3.898115
2.037907 2.181497 4.004910
2.053551 2.125504 4.108259
2.065955 2.063137 4.207475
2.074969 1.994713 4.301898
2.080465 1.920622 4.390905
2.082342 1.841328 4.473920
2.080520 1.757357 4.550431
2.074951 1.669297 4.619991
2.065614 1.577777 4.682235
2.052519 1.483465 4.736881
2.035703 1.387050 4.783734
2.015236 1.289235 4.822690
1.991213 1.190717 4.853736
1.963759 1.092180 4.876945
1.933022 0.994284 4.892472
1.899173 0.897651 4.900548
1.862403 0.802859 4.901473
1.822921 0.710433 4.895604
1.780949 0.620841 4.883348
1.736718 0.534488 4.865151
1.690470 0.451718 4.841485
1.642449 0.372808 4.812842
1.592900 0.297973 4.779722
1.542068 0.227369 4.742623
1.490193 0.161092 4.702037
1.437510 0.099187 4.658442
1.384244 0.041651 4.612293
1.330610 -0.011564 4.564022
1.276814 -0.060542 4.514032
1.223047 -0.105397 4.462698
1.169488 -0.146273 4.410359
1.116301 -0.183333 4.357325
1.063638 -0.216757 4.303872
-1.597878 -2.039645 2.963754
-1.625849 -2.045323 3.041280
-1.652895 -2.047363 3.120054
-1.678886 -2.045592 3.199796
-1.703692 -2.039854 3.280203
-1.727179 -2.030019 3.360949
-1.749216 -2.015983 3.441685
-1.769670 -1.997670 3.522045
-1.788414 -1.975039 3.601650
-1.805322 -1.948082 3.680108
-1.820275 -1.916830 3.757021
-1.833161 -1.881353 3.831991
-1.843876 -1.841759 3.904624
-1.852324 -1.798196 3.974532
-1.858423 -1.750851 4.041345
-1.862103 -1.699950 4.104710
-1.045488 -1.778490 1.205756
-1.084702 -1.837211 1.256688
-1.124995 -1.896398 1.311614
-1.166341 -1.955844 1.370729
-1.208704 -2.015315 1.434222
-1.252039 -2.074544 1.502275
-1.296292 -2.133236 1.575057
-1.341396 -2.191062 1.652723
-1.387271 -2.247658 1.735404
-1.433822 -2.302630 1.823209
-1.480943 -2.355547 1.916212
-1.528510 -2.405947 2.014453
-1.576382 -2.453337 2.117927
-1.624402 -2.497198 2.226577
-1.672396 -2.536986 2.340293
-1.720172 -2.572139 2.458898
-1.767521 -2.602083 2.582147
-1.814214 -2.626243 2.709723
-1.860008 -2.644045 2.841225
-1.904644 -2.654934 2.976172
-1.947848 -2.658384 3.114000
-1.989336 -2.653906 3.254059
-2.028814 -2.641069 3.395619
-2.065980 -2.619505 3.537871
-2.100532 -2.588930 3.679942
-2.132168 -2.549154 3.820896
-2.160592 -2.500091 3.959753
-2.185518 -2.441769 4.095505
-2.206674 -2.374340 4.227131
-2.223812 -2.298081 4.353618
-2.236704 -2.213397 4.473982
-2.245156 -2.120817 4.587289
-2.249004 -2.020989 4.692677
-2.248125 -1.914668 4.789374
-2.242435 -1.802704 4.876715
-2.231891 -1.686022 4.954160
-2.216498 -1.565608 5.021303
-2.196302 -1.442481 5.077877
-2.171394 -1.317679 5.123763
-2.141908 -1.192229 5.158984
-2.108017 -1.067135 5.183699
-2.069932 -0.943349 5.198198
-2.027894 -0.821762 5.202886
-1.982174 -0.703184 5.198271
-1.933068 -0.588336 5.184944
-1.880887 -0.477844 5.163562
-1.825958 -0.372229 5.134833
-1.768614 -0.271910 5.099493
-1.709193 -0.177205 5.058294
-1.648029 -0.088335 5.011984
-1.585454 -0.005429 4.961299
-1.521789 0.071469 4.906946
-1.457343 0.142388 4.849598
-1.392409 0.207423 4.789883
-1.327265 0.266725 4.728381
-1.262169 0.320492 4.665622
-1.197359 0.368959 4.602081
-1.133054 0.412388 4.538181
-1.069451 0.451064 4.474290
-1.006726 0.485284 4.410729
-0.945037 0.515353 4.347770
-0.884520 0.541579 4.285639
-0.825292 0.564265 4.224524
-0.767453 0.583711 4.164574
-0.711087 0.600206 4.105906
1.468978 2.035171 2.540891
1.502202 2.058749 2.614584
1.535107 2.079517 2.690850
1.567575 2.097214 2.769534
1.599482 2.111582 2.850450
1.630697 2.122369 2.933379
1.661081 2.129333 3.018071
1.690494 2.132247 3.104243
1.718788 2.130901 3.191581
1.745814 2.125108 3.279741
1.771421 2.114706 3.368348
1.795457 2.099568 3.457004
1.817772 2.079598 3.545287
1.838216 2.054742 3.632756
1.856647 2.024987 3.718958
1.872927 1.990365 3.803431
1.886924 1.950953 3.885710
1.898520 1.906878 3.965335
1.907605 1.858314 4.041857
1.914083 1.805483 4.114846
1.917873 1.748650 4.183892
1.918909 1.688124 4.248622
1.917143 1.624252 4.308693
1.912546 1.557414 4.363809
1.905105 1.488020 4.413718
1.894828 1.416501 4.458219
1.881742 1.343302 4.497162
1.865892 1.268880 4.530451
1.847344 1.193690 4.558045
1.826179 1.118184 4.579955
-1.236914 -1.908018 1.874630
-1.274058 -1.952581 1.934948
-1.311700 -1.996107 1.998901
-1.349769 -2.038331 2.066538
-1.388185 -2.078971 2.137889
-1.426856 -2.117725 2.212959
-1.465682 -2.154277 2.291728
-1.504552 -2.188296 2.374143
-1.543344 -2.219437 2.460120
-1.581925 -2.247348 2.549534
-1.620153 -2.271670 2.642225
-1.657875 -2.292043 2.737986
-1.694926 -2.308111 2.836568
-1.731135 -2.319525 2.937673
-1.766320 -2.325952 3.040957
-1.800294 -2.327080 3.146029
-1.832861 -2.322622 3.252450
-1.863825 -2.312331 3.359736
-1.892983 -2.295996 3.467364
-1.920136 -2.273457 3.574772
-1.945083 -2.244610 3.681368
-1.967631 -2.209407 3.786535
-1.987591 -2.167868 3.889642
-2.004785 -2.120081 3.990050
-2.019049 -2.066204 4.087123
-2.030231 -2.006467 4.180241
-2.038200 -1.941168 4.268805
-2.042842 -1.870677 4.352254
-2.044066 -1.795424 4.430073
-2.041807 -1.715895 4.501799
-2.036022 -1.632630 4.567036
-2.026698 -1.546204 4.625454
-2.013846 -1.457227 4.676802
-1.997505 -1.366327 4.720906
-1.977741 -1.274140 4.757673
-1.954646 -1.181301 4.787091
-1.928335 -1.088432 4.809224
-1.898946 -0.996133 4.824209
-1.866638 -0.904969 4.832252
-1.831588 -0.815469 4.833621
-1.793987 -0.728114 4.828633
-1.754042 -0.643334 4.817653
-1.711967 -0.561504 4.801079
-1.667983 -0.482944 4.779338
-1.622316 -0.407915 4.752870
-1.575195 -0.336624 4.722128
-1.526844 -0.269221 4.687564
-1.477488 -0.205805 4.649625
-1.427345 -0.146430 4.608747
-1.376623 -0.091101 4.565349
-1.325526 -0.039787 4.519827
-1.274244 0.007578 4.472555
-1.222959 0.051091 4.423881
-1.171837 0.090872 4.374123
1.338779 1.970426 2.173929
1.374514 2.006624 2.240151
1.410413 2.041001 2.309656
1.446385 2.073282 2.382406
1.482325 2.103180 2.458341
1.518124 2.130401 2.537369
1.553662 2.154643 2.619367
1.588809 2.175604 2.704177
1.623430 2.192981 2.791608
1.657378 2.206475 2.881430
1.690501 2.215798 2.973374
1.722641 2.220674 3.067133
1.753634 2.220848 3.162361
1.783309 2.216088 3.258676
1.811495 2.206193 3.355659
1.838019 2.190995 3.452858
1.862709 2.170369 3.549794
1.885392 2.144234 3.645960
1.905903 2.112558 3.740836
1.924081 2.075364 3.833886
1.939774 2.032728 3.924569
1.952841 1.984786 4.012351
1.963154 1.931730 4.096705
1.970600 1.873809 4.177126
1.975080 1.811328 4.253137
1.976518 1.744644 4.324298
1.974855 1.674158 4.390210
1.970054 1.600316 4.450527
1.962098 1.523594 4.504957
1.950996 1.444499 4.553270
1.936777 1.363553 4.595297
1.919494 1.281289 4.630937
1.899219 1.198241 4.660151
1.876047 1.114937 4.682964
1.850092 1.031887 4.699465
1.821485 0.949580 4.709795
1.790373 0.868476 4.714152
1.756919 0.789000 4.712776
1.721294 0.711537 4.705950
1.683680 0.636430 4.693987
1.644268 0.563978 4.677228
1.603251 0.494432 4.656032
1.560826 0.427998 4.630770
1.517190 0.364838 4.601818
1.472538 0.305069 4.569554
-1.467895 -2.026043 2.555408
-1.500742 -2.048999 2.628397
-1.533259 -2.069162 2.703898
-1.565327 -2.086278 2.781757
-1.596825 -2.100094 2.861785
-1.627622 -2.110367 2.943766
-1.657584 -2.116861 3.027451
-1.686570 -2.119354 3.112560
-1.714438 -2.117646 3.198782
-1.741040 -2.111554 3.285777
-1.766228 -2.100926 3.373177
-1.789852 -2.085638 3.460589
-1.811767 -2.065602 3.547600
-1.831826 -2.040767 3.633777
-1.849890 -2.011124 3.718676
-1.865824 -1.976708 3.801844
-1.879500 -1.937598 3.882828
-1.890803 -1.893921 3.961179
-1.899627 -1.845851 4.036459
-1.905877 -1.793604 4.108247
-1.909476 -1.737445 4.176146
-1.910361 -1.677677 4.239791
-1.908486 -1.614639 4.298850
-1.903821 -1.548705 4.353034
-1.896357 -1.480274 4.402100
-1.886102 -1.409770 4.445850
-1.873083 -1.337626 4.484141
-1.857346 -1.264289 4.516880
1.442144 2.156039 2.193007
1.482096 2.193738 2.274991
1.522096 2.228765 2.360792
1.562015 2.260755 2.450318
1.601713 2.289331 2.543440
1.641039 2.314112 2.639982
1.679831 2.334713 2.739725
1.717914 2.350755 2.842399
1.755108 2.361869 2.947684
1.791219 2.367699 3.055211
1.826049 2.367916 3.164555
1.859392 2.362221 3.275246
1.891038 2.350352 3.386763
1.920775 2.332093 3.498541
1.948389 2.307283 3.609978
1.973672 2.275820 3.720438
1.996419 2.237666 3.829262
2.016432 2.192858 3.935773
2.033526 2.141503 4.039292
2.047528 2.083787 4.139144
2.058284 2.019975 4.234673
2.065657 1.950403 4.325251
2.069533 1.875484 4.410291
1.156451 1.861349 1.597334
1.194828 1.912643 1.653807
1.233967 1.963537 1.714155
1.273816 2.013782 1.778496
1.314312 2.063107 1.846931
1.355382 2.111215 1.919545
1.396943 2.157784 1.996400
1.438900 2.202471 2.077532
1.481145 2.244909 2.162948
1.523559 2.284710 2.252619
1.566009 2.321470 2.346479
1.608350 2.354769 2.444417
1.650422 2.384175 2.546274
1.692054 2.409251 2.651843
1.733062 2.429560 2.760857
1.773248 2.444671 2.872996
1.812404 2.454166 2.987878
1.850314 2.457650 3.105060
1.886751 2.454757 3.224042
1.921482 2.445162 3.344263
1.954271 2.428587 3.465108
1.984879 2.404813 3.585915
2.013068 2.373686 3.705977
2.038605 2.335127 3.824554
2.061264 2.289138 3.940883
2.080830 2.235804 4.054190
2.097102 2.175305 4.163700
2.109897 2.107906 4.268657
2.119052 2.033966 4.368330
2.124430 1.953928 4.462036
2.125920 1.868316 4.549145
2.123441 1.777729 4.629101
2.116940 1.682825 4.701426
2.106402 1.584317 4.765733
2.091839 1.482953 4.821732
2.073302 1.379503 4.869235
2.050870 1.274748 4.908155
2.024655 1.169462 4.938506
1.994800 1.064397 4.960402
1.961473 0.960276 4.974047
1.924868 0.857773 4.979728
1.885198 0.757510 4.977807
1.842696 0.660046 4.968707
1.797609 0.565875 4.952903
1.750193 0.475415 4.930907
1.700713 0.389015 4.903258
1.649436 0.306949 4.870513
1.596630 0.229422 4.833229
1.542559 0.156573 4.791960
1.487482 0.088474 4.747248
1.431650 0.025144 4.699611
1.375304 -0.033451 4.649544
1.318672 -0.087390 4.597508
1.261969 -0.136790 4.543933
1.205398 -0.181800 4.489209
1.149142 -0.222597 4.433694
1.093372 -0.259376 4.377703
1.038244 -0.292348 4.321520
0.983895 -0.321735 4.265391
0.930450 -0.347766 4.209527
-1.444313 -2.015374 2.489660
-1.841277 -1.173528 4.563100
1.232218 1.903895 1.863017
1.269369 1.948723 1.922994
1.307031 1.992548 1.986609
1.345133 2.035107 2.053917
1.383595 2.076119 2.124950
1.616209 2.271866 2.627862
1.654108 2.292878 2.723513
1.691359 2.309617 2.822033
1.727790 2.321730 2.923133
1.763220 2.328881 3.026472
1.797462 2.330751 3.131663
1.830320 2.327050 3.238273
1.861597 2.317522 3.345820
1.891090 2.301949 3.453785
1.918598 2.280165 3.561606
1.943919 2.252054 3.668693
1.966859 2.217563 3.774428
1.987226 2.176702 3.878178
2.004841 2.129549 3.979302
2.019536 2.076254 4.077158
2.031157 2.017040 4.171120
2.039569 1.952197 4.260584
2.044655 1.882089 4.344980
2.046322 1.807139 4.423783
2.044499 1.727832 4.496521
2.039142 1.644702 4.562786
2.030232 1.558326 4.622239
2.017779 1.469311 4.674618
2.001818 1.378289 4.719738
1.982411 1.285898 4.757497
1.959648 1.192779 4.787871
1.933642 1.099557 4.810918
1.904530 1.006840 4.826766
1.872467 0.915201 4.835617
1.837631 0.825176 4.837731
1.800212 0.737254 4.833423
1.760415 0.651873 4.823056
1.718454 0.569418 4.807027
1.674553 0.490216 4.785762
1.628937 0.414536 4.759703
1.581835 0.342591 4.729304
1.533474 0.274539 4.695022
1.484080 0.210484 4.657305
1.433871 0.150485 4.616595
1.383060 0.094552 4.573313
1.331851 0.042657 4.527862
1.280436 -0.005263 4.480621
1.228998 -0.049302 4.431940
1.177708 -0.089580 4.382144
-1.348927 -1.974246 2.207118
-1.384409 -2.009381 2.273797
-1.420018 -2.042618 2.343699
-1.455657 -2.073682 2.416780
-1.491224 -2.102288 2.492966
-1.526604 -2.128144 2.572157
-1.561677 -2.150956 2.654219
-1.596314 -2.170425 2.738984
-1.630376 -2.186256 2.826251
-1.663718 -2.198160 2.915779
-1.696188 -2.205857 3.007291
-1.727627 -2.209086 3.100472
-1.757873 -2.207603 3.194970
-1.786757 -2.201191 3.290396
-1.814111 -2.189665 3.386327
-1.839764 -2.172875 3.482312
-1.863546 -2.150712 3.577870
-1.885292 -2.123113 3.672500
-1.904838 -2.090066 3.765685
-1.922031 -2.051608 3.856898
-1.936725 -2.007835 3.945610
-1.948785 -1.958897 4.031299
-1.958089 -1.905002 4.113454
-1.964532 -1.846410 4.191590
-1.968023 -1.783436 4.265247
-1.968493 -1.716444 4.334007
-1.965890 -1.645842 4.397495
-1.960185 -1.572076 4.455386
-1.951369 -1.495621 4.507412
-1.939456 -1.416979 4.553364
-1.924482 -1.336665 4.593096
-1.906505 -1.255203 4.626526
-1.885603 -1.173115 4.653633
-1.861875 -1.090912 4.674459
-1.835436 -1.009091 4.689105
-1.806422 -0.928122 4.697724
-1.774981 -0.848449 4.700521
-1.741275 -0.770475 4.697742
-1.705476 -0.694570 4.689672
-1.667766 -0.621058 4.676625
-1.628332 -0.550219 4.658940
-1.587365 -0.482291 4.636970
-1.545060 -0.417463 4.611081
1.448795 2.026824 2.484696
1.799197 1.014592 4.613304
-2.022312 -1.867911 4.306555
-2.024297 -1.796142 4.383566
-2.022923 -1.720140 4.454828
-2.018146 -1.640404 4.519946
-2.009946 -1.557474 4.578587
-1.998328 -1.471921 4.630491
-1.983322 -1.384338 4.675471
-1.964985 -1.295329 4.713413
-1.943397 -1.205499 4.744281
-1.918664 -1.115445 4.768112
-1.825182 -1.098891 4.594318
-1.800667 -1.022897 4.609226
1.421482 2.098626 2.232158
1.459651 2.134279 2.309388
1.497851 2.167447 2.390158
1.535963 2.197797 2.474384
1.573857 2.224989 2.561944
1.312159 1.957087 2.092331
1.419027 0.211716 4.548098
1.371585 0.158854 4.508389
-1.562550 -2.044038 2.845042
-1.875933 -1.681191 4.156881
-1.875690 -1.623823 4.215382
1.048145 1.780190 1.217107
1.087326 1.838702 1.268132
1.127577 1.897658 1.323148
1.168871 1.956849 1.382347
1.211173 2.016040 1.445915
1.254438 2.074965 1.514032
1.298608 2.133328 1.586865
1.343617 2.190798 1.664564
1.389385 2.247013 1.747258
1.435816 2.301577 1.835052
1.482802 2.354062 1.928017
1.530220 2.404006 2.026188
1.577928 2.450918 2.129556
1.625769 2.494282 2.238061
1.673569 2.533555 2.351588
1.721135 2.568180 2.469955
1.768258 2.597587 2.592916
1.814711 2.621206 2.720148
1.860250 2.638469 2.851249
1.904617 2.648828 2.985736
1.947540 2.651762 3.123042
1.988735 2.646792 3.262517
2.027911 2.633492 3.403433
2.064767 2.611506 3.544983
2.099003 2.580555 3.686295
2.130320 2.540458 3.826440
2.158424 2.491136 3.964444
2.183033 2.432624 4.099306
2.203879 2.365081 4.230012
2.220714 2.288787 4.355561
2.233316 2.204152 4.474978
2.241493 2.111705 4.587342
2.245086 2.012096 4.691801
2.243972 1.906077 4.787594
2.238072 1.794494 4.874068
2.227345 1.678269 4.950694
2.211798 1.558379 5.017074
2.191478 1.435837 5.072950
2.166479 1.311670 5.118209
2.136934 1.186898 5.152879
2.103017 1.062512 5.177123
2.064939 0.939455 5.191231
2.022940 0.818607 5.195610
1.977292 0.700769 5.190764
1.928286 0.586653 5.177280
1.876234 0.476876 5.155813
1.821460 0.371952 5.127064
1.764295 0.272295 5.091763
1.705074 0.178217 5.050654
1.644130 0.089934 5.004481
1.581792 0.007574 4.953970
1.518377 -0.068820 4.899822
1.454192 -0.139280 4.842702
1.389529 -0.203899 4.783233
1.324663 -0.262828 4.721991
1.259849 -0.316263 4.659497
1.195325 -0.364437 4.596224
1.131306 -0.407611 4.532589
1.067988 -0.446067 4.468959
1.005547 -0.480099 4.405650
0.944137 -0.510010 4.342931
0.883895 -0.536103 4.281029
0.824938 -0.558682 4.220128
0.767363 -0.578041 4.160377
0.711253 -0.594468 4.101892
-1.392453 -1.999025 2.327239
-1.427242 -2.030276 2.396557
-1.462006 -2.059295 2.468900
-1.496638 -2.085809 2.544185
-1.531028 -2.109538 2.622298
-1.565054 -2.130199 2.703095
-1.598589 -2.147513 2.786401
-1.631498 -2.161200 2.872005
-1.663637 -2.170990 2.959661
-1.694858 -2.176627 3.049089
-1.725008 -2.177870 3.139971
1.279341 1.944179 1.979628
1.316370 1.986204 2.043039
1.353782 2.026874 2.110025
1.391497 2.065911 2.180608
1.618347 2.248547 2.677322
1.655077 2.267290 2.771240
1.691104 2.281786 2.867802
1.726261 2.291705 2.966711
1.760372 2.296735 3.067625
1.793253 2.296585 3.170158
1.824718 2.290991 3.273878
1.854575 2.279724 3.378313
1.421035 2.013131 2.407703
1.769846 2.147704 3.317360
1.795465 2.135101 3.408525
1.819410 2.117543 3.499577
1.841525 2.094945 3.590069
1.861657 2.067266 3.679533
1.879658 2.034510 3.767490
1.895387 1.996729 3.853456
1.908713 1.954026 3.936945
1.919516 1.906554 4.017480
1.927686 1.854517 4.094599
1.933129 1.798166 4.167859
1.935769 1.737802 4.236849
1.935543 1.673767 4.301191
1.932411 1.606441 4.360550
1.926349 1.536238 4.414636
1.917355 1.463599 4.463212
1.905444 1.388984 4.506094
1.890655 1.312868 4.543154
1.873045 1.235729 4.574322
1.852689 1.158044 4.599584
1.829682 1.080280 4.618980
1.776169 0.926306 4.640599
1.745930 0.850929 4.643149
-1.312164 -1.960143 2.085908
-1.348546 -1.999070 2.150940
-1.385194 -2.036384 2.219401
-1.422019 -2.071807 2.291279
-1.458923 -2.105047 2.366538
-1.495801 -2.135804 2.445115
-1.532536 -2.163764 2.526914
-1.569003 -2.188611 2.611806
-1.605066 -2.210022 2.699626
-1.640583 -2.227679 2.790170
-1.675400 -2.241265 2.883195
-1.709359 -2.250475 2.978417
-1.742291 -2.255019 3.075508
-1.774025 -2.254629 3.174103
-1.804382 -2.249059 3.273794
-1.833182 -2.238101 3.374135
-1.860243 -2.221581 3.474647
-1.885383 -2.199371 3.574820
-1.908424 -2.171390 3.674118
-1.929190 -2.137613 3.771986
-1.947515 -2.098070 3.867858
-1.963240 -2.052852 3.961163
-1.976218 -2.002112 4.051336
-1.986317 -1.946064 4.137824
-1.993420 -1.884983 4.220098
-1.997429 -1.819203 4.297661
-1.998264 -1.749111 4.370056
-1.995869 -1.675145 4.436873
-1.990208 -1.597784 4.497760
-1.981272 -1.517542 4.552424
-1.969071 -1.434959 4.600639
-1.953644 -1.350594 4.642245
-1.935050 -1.265013 4.677155
-1.913371 -1.178779 4.705350
-1.888712 -1.092448 4.726877
-1.861199 -1.006554 4.741850
-1.830973 -0.921605 4.750439
-1.798193 -0.838078 4.752871
-1.763034 -0.756407 4.749419
-1.725678 -0.676986 4.740395
-1.686321 -0.600160 4.726145
-1.645162 -0.526227 4.707039
-1.602407 -0.455434 4.683465
-1.558261 -0.387979 4.655819
-1.512931 -0.324014 4.624502
-1.466621 -0.263643 4.589912
-1.419530 -0.206929 4.552440
-1.371852 -0.153894 4.512462
1.581512 2.043330 2.907161
1.610345 2.051576 2.984472
1.638335 2.056272 3.063237
1.665353 2.057226 3.143192
1.691267 2.054268 3.224046
1.715944 2.047245 3.305482
1.739249 2.036032 3.387162
1.761046 2.020530 3.468726
1.781204 2.000672 3.549798
1.799593 1.976426 3.629985
1.816087 1.947795 3.708888
1.830568 1.914822 3.786100
1.842922 1.877591 3.861217
1.853047 1.836223 3.933839
1.860850 1.790882 4.003575
1.866251 1.741772 4.070055
1.869182 1.689133 4.132926
1.869589 1.633240 4.191867
-0.894209 -1.612969 0.734947
-0.932105 -1.676000 0.776844
-0.971343 -1.740464 0.822404
-1.011933 -1.806239 0.871874
-1.053876 -1.873178 0.925510
-1.097166 -1.941106 0.983573
-1.141791 -2.009813 1.046325
-1.187727 -2.079057 1.114032
-1.234940 -2.148555 1.186954
-1.283386 -2.217986 1.265345
-1.333003 -2.286984 1.349444
-1.383719 -2.355140 1.439476
-1.435442 -2.421996 1.535639
-1.488065 -2.487045 1.638098
-1.541460 -2.549736 1.746982
-1.595479 -2.609467 1.862367
-1.649951 -2.665592 1.984274
-1.704684 -2.717424 2.112654
-1.759461 -2.764242 2.247381
-1.814042 -2.805294 2.388242
-1.868160 -2.839812 2.534925
-1.921527 -2.867019 2.687012
-1.973832 -2.886146 2.843974
-2.024739 -2.896446 3.005164
-2.073897 -2.897216 3.169811
-2.120936 -2.887809 3.337029
-2.165476 -2.867662 3.505812
-2.207127 -2.836313 3.675050
-2.245498 -2.793422 3.843538
-2.280199 -2.738790 4.009993
-2.310853 -2.672374 4.173076
-2.337097 -2.594305 4.331420
-2.358595 -2.504892 4.483657
-2.375038 -2.404628 4.628447
-2.386158 -2.294185 4.764517
-2.391731 -2.174410 4.890685
-2.391582 -2.046309 5.005899
-2.385590 -1.911024 5.109258
-2.373695 -1.769809 5.200039
-2.355894 -1.624005 5.277712
-2.332246 -1.474999 5.341953
-2.302870 -1.324198 5.392646
-2.267941 -1.172992 5.429882
-2.227690 -1.022721 5.453949
-2.182396 -0.874650 5.465312
-2.132379 -0.729941 5.464601
-2.077999 -0.589634 5.452578
-2.019642 -0.454632 5.430113
-1.957716 -0.325694 5.398159
-1.892646 -0.203430 5.357720
-1.824861 -0.088299 5.309825
-1.754792 0.019380 5.255507
-1.682864 0.119421 5.195777
-1.609490 0.211762 5.131608
-1.535067 0.296450 5.063920
-1.459974 0.373623 4.993571
-1.384566 0.443501 4.921344
-1.309172 0.506367 4.847946
-1.234096 0.562555 4.774007
-1.159613 0.612435 4.700076
-1.085971 0.656402 4.626629
-1.013391 0.694868 4.554066
-0.942066 0.728249 4.482721
-0.872162 0.756961 4.412865
-0.803822 0.781410 4.344713
-0.737164 0.801993 4.278430
-0.672287 0.819088 4.214135
-0.609266 0.833055 4.151909
-0.548160 0.844233 4.091800
-0.489010 0.852940 4.033827
-1.869664 -2.015874 3.764407
-1.884968 -1.978553 3.848580
-1.897910 -1.936444 3.930307
-1.908371 -1.889698 4.009127
-1.916249 -1.838517 4.084590
-1.921453 -1.783147 4.156273
-1.923908 -1.723879 4.223775
-1.923556 -1.661048 4.286734
1.365250 2.023603 2.165083
1.587776 2.209981 2.639012
1.624028 2.230300 2.729024
1.659673 2.246682 2.821722
1.694553 2.258808 2.916842
1.728503 2.266371 3.014078
1.761350 2.269081 3.113081
1.792915 2.266672 3.213462
1.823017 2.258908 3.314790
1.851471 2.245585 3.416595
1.878092 2.226545 3.518376
1.902693 2.201675 3.619599
1.925096 2.170913 3.719710
1.945124 2.134256 3.818135
1.962609 2.091759 3.914293
1.977395 2.043540 4.007601
1.989338 1.989782 4.097486
1.998308 1.930729 4.183392
2.004194 1.866689 4.264791
2.006904 1.798027 4.341190
2.006366 1.725161 4.412143
2.002531 1.648558 4.477256
1.995374 1.568725 4.536193
1.984894 1.486200 4.588686
1.971114 1.401547 4.634533
1.954082 1.315341 4.673607
1.933870 1.228161 4.705847
1.910572 1.140580 4.731269
1.884303 1.053159 4.749951
1.855200 0.966432 4.762040
1.823415 0.880905 4.767738
1.789118 0.797045 4.767301
1.752491 0.715277 4.761028
1.713726 0.635980 4.749258
1.673025 0.559483 4.732358
1.630594 0.486066 4.710716
1.586643 0.415955 4.684736
1.541382 0.349330 4.654826
1.495020 0.286320 4.621397
1.302590 0.071509 4.460371
-1.101131 -1.818988 1.415203
-1.139876 -1.873879 1.468659
-1.179539 -1.928794 1.526052
-1.220079 -1.983505 1.587536
-1.261447 -2.037758 1.653258
-1.303584 -2.091269 1.723349
-1.346421 -2.143730 1.797924
-1.389876 -2.194802 1.877078
-1.433855 -2.244119 1.960876
-1.478251 -2.291288 2.049359
-1.522943 -2.335891 2.142526
-1.567795 -2.377485 2.240340
-1.612659 -2.415608 2.342715
-1.657368 -2.449781 2.449515
-1.701743 -2.479513 2.560547
-1.745588 -2.504310 2.675557
-1.788695 -2.523677 2.794227
-1.830841 -2.537131 2.916171
-1.871790 -2.544208 3.040933
-1.911297 -2.544471 3.167986
-1.949107 -2.537525 3.296736
-1.984959 -2.523024 3.426522
-2.018587 -2.500684 3.556622
-2.049727 -2.470293 3.686262
-2.078115 -2.431721 3.814620
-2.103495 -2.384926 3.940844
-2.125621 -2.329968 4.064062
-2.144262 -2.267007 4.183397
-2.159205 -2.196308 4.297983
-2.170260 -2.118243 4.406982
-2.177262 -2.033285 4.509603
-2.180077 -1.942004 4.605115
-2.178604 -1.845058 4.692866
-2.172774 -1.743181 4.772294
-2.162558 -1.637170 4.842942
-2.147962 -1.527867 4.904463
-2.129033 -1.416146 4.956626
-2.105852 -1.302894 4.999322
-2.078538 -1.188990 5.032560
-2.047244 -1.075294 5.056463
-2.012153 -0.962625 5.071262
-1.973476 -0.851755 5.077284
-1.931452 -0.743389 5.074945
-1.886335 -0.638160 5.064730
-1.838400 -0.536624 5.047186
-1.787931 -0.439250 5.022902
-1.735221 -0.346426 4.992497
-1.680568 -0.258451 4.956607
-1.624267 -0.175545 4.915869
-1.566612 -0.097850 4.870915
-1.507889 -0.025436 4.822357
-1.448374 0.041693 4.770781
-1.388331 0.103591 4.716741
-1.328012 0.160361 4.660753
-1.267651 0.212150 4.603292
-1.207467 0.259140 4.544791
-1.147662 0.301541 4.485638
-1.088419 0.339583 4.426178
-1.029904 0.373514 4.366714
-0.972266 0.403589 4.307506
-0.915634 0.430069 4.248779
-0.860124 0.453216 4.190720
-0.805832 0.473291 4.133485
-1.165076 -1.871984 1.612699
-1.203583 -1.923108 1.669965
-1.242838 -1.973776 1.731126
-1.282787 -2.023735 1.796296
-1.323365 -2.072706 1.865572
-1.364497 -2.120389 1.939034
-1.406097 -2.166458 2.016737
-1.448067 -2.210565 2.098711
-1.490297 -2.252338 2.184954
-1.532665 -2.291389 2.275429
-1.575036 -2.327308 2.370060
-1.617261 -2.359675 2.468726
-1.659180 -2.388059 2.571257
-1.700616 -2.412022 2.677433
-1.741384 -2.431130 2.786976
-1.781285 -2.444956 2.899552
-1.820109 -2.453088 3.014767
-1.857637 -2.455139 3.132167
-1.893642 -2.450752 3.251237
-1.927891 -2.439613 3.371406
-1.960148 -2.421458 3.492052
-1.990173 -2.396083 3.612501
-2.017731 -2.363352 3.732043
-2.042592 -2.323202 3.849932
-2.064530 -2.275654 3.965406
-2.083336 -2.220816 4.077691
-2.098813 -2.158884 4.186019
-2.110781 -2.090145 4.289640
-2.119086 -2.014974 4.387835
-2.123596 -1.933832 4.479935
-2.124205 -1.847260 4.565327
-2.120840 -1.755866 4.643472
-2.113457 -1.660322 4.713915
-2.102045 -1.561344 4.776290
-2.086627 -1.459685 4.830331
-2.067259 -1.356116 4.875872
-2.044027 -1.251415 4.912848
-2.017050 -1.146349 4.941295
-1.986475 -1.041663 4.961348
-1.952477 -0.938066 4.973227
-1.915253 -0.836221 4.977236
-1.875021 -0.736734 4.973749
-1.832016 -0.640149 4.963200
-1.786486 -0.546941 4.946070
-1.738689 -0.457514 4.922877
-1.688890 -0.372198 4.894162
-1.637356 -0.291252 4.860480
-1.584352 -0.214867 4.822388
-1.530142 -0.143165 4.780435
-1.474983 -0.076208 4.735157
-1.419123 -0.014003 4.687065
-1.362798 0.043494 4.636645
-1.306235 0.096369 4.584351
-1.249645 0.144747 4.530603
-1.193225 0.188782 4.475784
-1.137158 0.228654 4.420240
-1.081609 0.264562 4.364281
-1.026730 0.296718 4.308181
-0.972656 0.325345 4.252176
-1.286569 -1.938389 2.025243
-1.309776 -0.078280 4.466948
1.101316 1.818920 1.416499
1.140050 1.873778 1.469950
1.179701 1.928658 1.527335
1.220227 1.983332 1.588810
1.261581 2.037545 1.654519
1.303703 2.091015 1.724596
1.346523 2.143432 1.799153
1.389960 2.194459 1.878286
1.433919 2.243730 1.962060
1.478294 2.290852 2.050514
1.522964 2.335406 2.143649
1.567793 2.376951 2.241425
1.612632 2.415025 2.343758
1.657315 2.449149 2.450511
1.701663 2.478833 2.561490
1.745480 2.503584 2.676443
1.788558 2.522906 2.795050
1.830674 2.536319 2.916925
1.871593 2.543357 3.041612
1.911069 2.543586 3.168586
1.948848 2.536611 3.297252
1.984669 2.522086 3.426949
2.018267 2.499729 3.556957
2.049376 2.469328 3.686500
2.077735 2.430752 3.814760
2.103087 2.383963 3.940884
2.125187 2.329019 4.064002
2.143804 2.266079 4.183237
2.158724 2.195411 4.297725
2.169759 2.117385 4.406629
2.176744 2.032475 4.509159
2.179544 1.941249 4.604584
2.178059 1.844366 4.692255
2.172222 1.742558 4.771610
2.162001 1.636621 4.842192
2.147405 1.527397 4.903655
2.128479 1.415760 4.955769
2.105304 1.302593 4.998426
2.078001 1.188776 5.031633
2.046720 1.075166 5.055514
2.011645 0.962584 5.070300
1.972989 0.851799 5.076317
1.930987 0.743515 5.073981
1.885896 0.638365 5.063777
1.837988 0.536903 5.046250
1.787550 0.439600 5.021988
1.734872 0.346840 4.991611
1.680252 0.258925 4.955751
1.623986 0.176074 4.915048
1.566367 0.098428 4.870131
1.507680 0.026058 4.821611
1.448201 -0.041033 4.770074
1.388195 -0.102897 4.716074
1.327913 -0.159638 4.660125
1.267589 -0.211404 4.602703
1.207441 -0.258374 4.544240
1.147671 -0.300758 4.485123
1.088463 -0.338788 4.425697
1.029982 -0.372709 4.366265
0.972376 -0.402777 4.307088
0.915776 -0.429253 4.248389
0.860296 -0.452398 4.190356
0.806035 -0.472472 4.133144
-1.630973 -2.249801 2.718988
-1.667222 -2.266671 2.813408
-1.702702 -2.279192 2.910327
-1.737244 -2.287043 3.009434
-1.770669 -2.289926 3.110370
-1.802795 -2.287562 3.212736
-1.833435 -2.279705 3.316086
-1.862399 -2.266146 3.419939
-1.889495 -2.246717 3.523776
-1.914533 -2.221300 3.627047
-1.937326 -2.189832 3.729179
-1.957695 -2.152307 3.829580
-1.975466 -2.108783 3.927648
-1.990477 -2.059383 4.022782
-2.002581 -2.004296 4.114388
-2.011643 -1.943776 4.201894
-1.893805 -1.045676 4.774820
-1.863958 -0.957184 4.786430
-1.831382 -0.869985 4.791508
-1.796252 -0.784557 4.790325
-1.758758 -0.701334 4.783198
-1.719099 -0.620702 4.770482
-1.677482 -0.542994 4.752560
-1.634120 -0.468491 4.729840
-1.589229 -0.397422 4.702739
-1.543025 -0.329962 4.671682
-1.495724 -0.266238 4.637095
-1.447535 -0.206330 4.599392
-1.398663 -0.150273 4.558980
-1.349308 -0.098064 4.516245
-1.249888 -0.005003 4.425258
-0.994608 -1.720257 1.071524
-1.033260 -1.780192 1.118884
-1.073073 -1.840913 1.170117
-1.114034 -1.902243 1.225436
-1.156119 -1.963976 1.285052
-1.199297 -2.025878 1.349174
-1.243527 -2.087682 1.418001
-1.288757 -2.149088 1.491726
-1.334922 -2.209760 1.570524
-1.381946 -2.269328 1.654552
-1.429736 -2.327381 1.743940
-1.478186 -2.383476 1.838788
-1.527172 -2.437131 1.939159
-1.576554 -2.487830 2.045071
-1.626172 -2.535025 2.156491
-1.675849 -2.578141 2.273325
-1.725390 -2.616579 2.395417
-1.774577 -2.649725 2.522533
-1.823176 -2.676956 2.654362
-1.870933 -2.697653 2.790509
-1.917580 -2.711209 2.930487
-1.962828 -2.717042 3.073719
-2.006378 -2.714611 3.219536
-2.047919 -2.703429 3.367176
-2.087131 -2.683078 3.515795
-2.123693 -2.653223 3.664469
-2.157279 -2.613631 3.812204
-2.187572 -2.564180 3.957956
-2.214263 -2.504871 4.100643
-2.237058 -2.435837 4.239165
-2.255685 -2.357351 4.372426
-2.269896 -2.269824 4.499356
-2.279475 -2.173806 4.618939
-2.284241 -2.069976 4.730230
-2.284055 -1.959136 4.832383
-2.278818 -1.842192 4.924665
-2.268482 -1.720137 5.006481
-2.253041 -1.594031 5.077379
-2.232541 -1.464974 5.137062
-2.207075 -1.334087 5.185393
-2.176780 -1.202484 5.222393
-2.141840 -1.071248 5.248233
-2.102475 -0.941412 5.263228
-2.058943 -0.813936 5.267819
-2.011531 -0.689697 5.262559
-1.960554 -0.569471 5.248093
-1.906345 -0.453927 5.225138
-1.849250 -0.343621 5.194465
-1.789626 -0.238997 5.156876
-1.727832 -0.140388 5.113184
-1.664225 -0.048020 5.064203
-1.599156 0.037983 5.010725
-1.532966 0.117582 4.953514
-1.465982 0.190825 4.893289
-1.398516 0.257825 4.830725
-1.330859 0.318759 4.766438
-1.263283 0.373849 4.700990
-1.196038 0.423357 4.634883
-1.129353 0.467576 4.568558
-1.063433 0.506817 4.502402
-0.998462 0.541406 4.436746
-0.934602 0.571672 4.371867
-0.871994 0.597948 4.307998
-0.810758 0.620562 4.245325
-0.750995 0.639832 4.183996
-0.692790 0.656069 4.124125
-0.636209 0.669566 4.065794
1.556574 2.034877 2.840063
-0.965784 -1.700338 0.939274
-1.004729 -1.762390 0.985761
-1.044923 -1.825469 1.036145
-1.086360 -1.889409 1.090657
-1.129024 -1.954018 1.149533
-1.172892 -2.019073 1.213006
-1.217931 -2.084316 1.281306
-1.264098 -2.149455 1.354657
-1.311335 -2.214159 1.433270
-1.359575 -2.278058 1.517340
-1.408732 -2.340742 1.607039
-1.458707 -2.401757 1.702511
-1.509383 -2.460611 1.803866
-1.560624 -2.516768 1.911170
-1.612277 -2.569655 2.024439
-1.664167 -2.618663 2.143629
-1.716097 -2.663152 2.268630
-1.767852 -2.702458 2.399256
-1.819193 -2.735900 2.535236
-1.869860 -2.762789 2.676210
-1.919575 -2.782442 2.821719
-1.968038 -2.794194 2.971203
-2.014934 -2.797412 3.123999
-2.059932 -2.791513 3.279340
-2.102691 -2.775978 3.436357
-2.142860 -2.750375 3.594087
-2.180088 -2.714370 3.751482
-2.214022 -2.667747 3.907423
-2.244318 -2.610424 4.060737
-2.270645 -2.542460 4.210217
-2.292690 -2.464068 4.354647
-2.310168 -2.375620 4.492826
-2.322821 -2.277644 4.623597
-2.330431 -2.170820 4.745872
-2.332822 -2.055972 4.858659
-2.329861 -1.934053 4.961090
-2.321470 -1.806123 5.052437
-2.307620 -1.673328 5.132134
-2.288335 -1.536872 5.199785
-2.263694 -1.397994 5.255174
-2.233828 -1.257933 5.298264
-2.198915 -1.117905 5.329194
-2.159181 -0.979074 5.348267
-2.114894 -0.842532 5.355936
-2.066356 -0.709278 5.352786
-2.013899 -0.580200 5.339513
-1.957881 -0.456070 5.316899
-1.898676 -0.337529 5.285791
-1.836667 -0.225094 5.247078
-1.772246 -0.119153 5.201666
-1.705801 -0.019973 5.150460
-1.637716 0.072294 5.094347
-1.568363 0.157599 5.034179
-1.498099 0.235986 4.970764
-1.427265 0.307579 4.904853
-1.356181 0.372571 4.837136
-1.285143 0.431209 4.768237
-1.214426 0.483785 4.698714
-1.144279 0.530624 4.629057
-1.074927 0.572073 4.559691
-1.006568 0.608492 4.490977
-0.939380 0.640250 4.423220
-0.873514 0.667715 4.356670
-0.809102 0.691247 4.291528
-0.746252 0.711200 4.227948
-0.685056 0.727912 4.166050
-0.625584 0.741708 4.105914
-0.567891 0.752894 4.047596
1.464987 0.259174 4.590391
-0.983328 -1.712649 1.020134
-1.022103 -1.773428 1.067151
-1.062075 -1.835088 1.118052
-1.103231 -1.897455 1.173058
-1.145552 -1.960329 1.232389
-1.189010 -2.023479 1.296263
-1.233567 -2.086643 1.364894
-1.279174 -2.149521 1.438485
-1.325769 -2.211782 1.517224
-1.373279 -2.273053 1.601285
-1.421615 -2.332925 1.690813
-1.470672 -2.390949 1.785926
-1.520329 -2.446639 1.886706
-1.570448 -2.499470 1.993187
-1.620871 -2.548885 2.105356
-1.671422 -2.594295 2.223139
-1.721905 -2.635084 2.346396
-1.772103 -2.670619 2.474911
-1.821779 -2.700253 2.608390
-1.870679 -2.723341 2.746447
-1.918527 -2.739246 2.888609
-1.539654 -2.041511 2.774246
-1.879031 -1.559283 4.287572
-1.075825 -1.783112 1.379710
1.503518 2.029927 2.671817
1.535038 2.048256 2.746008
1.888347 1.581742 4.285989
1.883047 1.517391 4.337234
1.875047 1.450747 4.383519
-1.147106 -1.860972 1.547719
-1.306753 -2.068397 1.797602
-1.348390 -2.118138 1.870505
-1.390571 -2.166422 1.947761
-1.433200 -2.212900 2.029419
-1.476172 -2.257198 2.115499
-1.519369 -2.298919 2.205987
-1.562658 -2.337647 2.300829
-1.605892 -2.372949 2.399926
-1.648913 -2.404378 2.503134
-1.691545 -2.431479 2.610253
-1.733604 -2.453795 2.721027
-1.774888 -2.470872 2.835141
-1.815185 -2.482270 2.952217
-1.854274 -2.487566 3.071815
-1.891921 -2.486368 3.193428
-1.927887 -2.478323 3.316491
-1.961927 -2.463126 3.440378
-1.993794 -2.440529 3.564411
-2.023240 -2.410352 3.687863
-2.050022 -2.372493 3.809970
-2.073901 -2.326929 3.929941
-2.094652 -2.273732 4.046968
-2.112062 -2.213063 4.160242
-2.125936 -2.145180 4.268967
-2.136099 -2.070438 4.372374
-2.142403 -1.989282 4.469738
-2.144726 -1.902245 4.560389
-2.142977 -1.809937 4.643730
-2.137096 -1.713038 4.719249
-2.127058 -1.612284 4.786525
-2.112872 -1.508451 4.845239
-2.094582 -1.402343 4.895179
-2.072267 -1.294777 4.936239
-2.046037 -1.186562 4.968424
-2.016035 -1.078491 4.991839
-1.982433 -0.971321 5.006690
-1.945427 -0.865764 5.013268
-1.905238 -0.762478 5.011947
-1.862104 -0.662052 5.003165
-1.816280 -0.565008 4.987415
-1.768032 -0.471789 4.965234
-1.717633 -0.382763 4.937185
-1.665359 -0.298223 4.903848
-1.611489 -0.218384 4.865811
-1.556297 -0.143392 4.823653
-0.930619 0.373765 4.228746
-0.877015 0.397062 4.172348
1.685747 2.009194 3.273604
1.708589 1.999910 3.351481
1.730035 1.986621 3.429360
1.749960 1.969258 3.506895
1.768241 1.947779 3.583727
1.784760 1.922177 3.659488
1.799404 1.892478 3.733804
-1.930661 -1.579788 4.382482
-1.923462 -1.508558 4.434482
-1.913333 -1.435067 4.480890
-1.900299 -1.359782 4.521546
-1.884405 -1.283180 4.556342
-1.793790 -0.973073 4.636797
-1.764917 -0.896879 4.642657
1.402848 2.053091 2.254631
1.439698 2.087457 2.328098
1.476578 2.119497 2.404915
1.513375 2.148905 2.485003
1.549969 2.175365 2.568251
0.959061 1.689931 0.929916
0.997804 1.751832 0.975771
1.037798 1.814788 1.025486
1.079038 1.878638 1.079291
1.121510 1.943195 1.137422
1.165192 2.008241 1.200114
1.210054 2.073524 1.267597
1.256052 2.138759 1.340098
1.303134 2.203620 1.417829
1.351232 2.267744 1.500989
1.400265 2.330728 1.589756
1.450136 2.392126 1.684279
1.500731 2.451450 1.784675
1.551918 2.508173 1.891019
1.603545 2.561726 2.003336
1.655442 2.611506 2.121593
1.707417 2.656878 2.245693
1.759255 2.697178 2.375463
1.810723 2.731728 2.510648
1.861564 2.759839 2.650902
1.911503 2.780824 2.795785
1.960242 2.794013 2.944754
2.007470 2.798766 3.097163
2.052856 2.794487 3.252261
2.096062 2.780646 3.409196
2.136738 2.756793 3.567019
2.174530 2.722575 3.724694
2.209086 2.677755 3.881112
2.240060 2.622225 4.035106
2.267117 2.556020 4.185472
2.289940 2.479326 4.330992
2.308239 2.392488 4.470458
2.321750 2.296007 4.602701
2.330248 2.190540 4.726617
2.333547 2.076889 4.841197
2.331510 1.955986 4.945547
2.324047 1.828876 5.038912
2.311119 1.696695 5.120697
2.292743 1.560640 5.190476
2.268989 1.421949 5.248002
2.239978 1.281864 5.293208
2.205881 1.141609 5.326203
2.166917 1.002361 5.347264
2.123347 0.865227 5.356821
2.075468 0.731224 5.355438
2.023609 0.601262 5.343797
1.968122 0.476133 5.322667
1.909381 0.356503 5.292888
1.847769 0.242910 5.255345
1.783676 0.135762 5.210944
1.717493 0.035348 5.160592
1.649603 -0.058161 5.105184
1.580383 -0.144701 5.045578
1.510193 -0.224301 4.982592
1.439377 -0.297072 4.916988
1.368258 -0.363198 4.849467
1.297139 -0.422918 4.780667
1.226296 -0.476517 4.711156
1.155984 -0.524317 4.641436
1.086432 -0.566661 4.571943
1.017844 -0.603911 4.503051
0.950399 -0.636433 4.435072
0.884255 -0.664596 4.368266
0.819545 -0.688764 4.302841
0.756384 -0.709291 4.238960
0.694863 -0.726520 4.176746
0.635057 -0.740778 4.116289
0.577025 -0.752374 4.057644
-1.117465 -1.828417 1.480171
-1.195314 -1.935352 1.592242
-1.235491 -1.988422 1.654265
-1.276433 -2.040890 1.720457
-1.225232 -1.917825 1.792647
-1.263326 -1.964938 1.853575
-1.301996 -2.011130 1.918304
-1.341174 -2.056130 1.986903
-1.380780 -2.099647 2.059420
-1.420724 -2.141366 2.135880
-1.460907 -2.180956 2.216281
-1.501217 -2.218067 2.300589
-1.541530 -2.252335 2.388735
-1.581712 -2.283383 2.480614
-1.621617 -2.310826 2.576076
-1.661087 -2.334271 2.674926
-1.699953 -2.353331 2.776923
-1.738036 -2.367621 2.881773
-1.775145 -2.376771 2.989132
-1.811084 -2.380427 3.098601
-1.845648 -2.378265 3.209731
-1.878625 -2.369994 3.322022
-1.909800 -2.355366 3.434926
-1.938959 -2.334182 3.547852
-1.965885 -2.306301 3.660173
-1.990368 -2.271644 3.771229
-2.012201 -2.230205 3.880342
-2.031190 -2.182049 3.986821
-2.047150 -2.127320 4.089973
-2.059914 -2.066241 4.189119
-2.069331 -1.999112 4.283601
-2.075273 -1.926310 4.372797
-2.077633 -1.848283 4.456130
-2.076333 -1.765546 4.533085
-2.071318 -1.678669 4.603211
-2.062565 -1.588271 4.666133
-2.050078 -1.495006 4.721560
-2.033892 -1.399553 4.769288
-2.014070 -1.302606 4.809199
-1.990703 -1.204855 4.841265
-1.963912 -1.106980 4.865547
-1.933838 -1.009637 4.882184
-1.900648 -0.913447 4.891394
-1.864530 -0.818990 4.893462
-1.825685 -0.726794 4.888732
-1.784333 -0.637330 4.877598
-1.740703 -0.551012 4.860496
-1.695031 -0.468187 4.837887
-1.647558 -0.389143 4.810255
-1.598529 -0.314102 4.778094
-1.548186 -0.243229 4.741896
-1.496768 -0.176629 4.702150
-1.444508 -0.114356 4.659330
-1.391632 -0.056414 4.613891
-1.338354 -0.002766 4.566264
-1.284880 0.046666 4.516853
-1.231402 0.091990 4.466034
-1.178099 0.133341 4.414150
-1.125138 0.170878 4.361511
-1.072670 0.204776 4.308399
1.873941 1.598131 4.237170
-0.660572 0.622386 4.060133
1.330416 2.066353 1.913849
1.370954 2.112390 1.986946
1.411907 2.156739 2.064168
1.453178 2.199058 2.145531
1.494656 2.238984 2.231021
1.536219 2.276136 2.320588
1.577731 2.310119 2.414143
1.619044 2.340526 2.511553
1.659999 2.366941 2.612640
1.700423 2.388947 2.717172
1.740132 2.406128 2.824867
1.778930 2.418080 2.935385
1.816614 2.424416 3.048329
1.852969 2.424772 3.163248
1.887775 2.418819 3.279631
1.920805 2.406270 3.396917
1.951831 2.386886 3.514495
1.980626 2.360490 3.631710
2.006961 2.326968 3.747871
2.030616 2.286281 3.862260
2.051380 2.238470 3.974142
2.069051 2.183655 4.082777
2.083445 2.122046 4.187432
2.094395 2.053934 4.287394
2.101756 1.979696 4.381984
2.105406 1.899789 4.470569
2.105251 1.814743 4.552577
2.101226 1.725151 4.627505
2.093294 1.631664 4.694931
2.081452 1.534974 4.754519
2.065727 1.435803 4.806028
2.046177 1.334890 4.849312
2.022892 1.232979 4.884323
1.995990 1.130801 4.911105
1.965617 1.029065 4.929796
1.931945 0.928444 4.940615
1.895165 0.829566 4.943858
1.855491 0.733007 4.939887
1.813151 0.639281 4.929121
1.768384 0.548837 4.912020
1.721441 0.462057 4.889080
1.672576 0.379254 4.860820
1.622048 0.300671 4.827768
1.570112 0.226489 4.790456
1.663987 2.020417 3.194271
1.815564 1.864091 3.808721
1.129608 1.832537 1.535822
2.113399 2.170020 4.210744
2.125244 2.099199 4.315833
2.133334 2.021820 4.415287
2.137537 1.938369 4.508419
2.137748 1.849411 4.594606
2.133893 1.755584 4.673301
2.125931 1.657587 4.744043
2.113854 1.556166 4.806469
1.018747 1.752622 1.119537
1.057888 1.812505 1.168911
1.098165 1.873044 1.222254
1.139561 1.934046 1.279771
1.182045 1.995289 1.341670
1.225582 2.056522 1.408149
1.270122 2.117460 1.479399
1.315607 2.177786 1.555598
1.361965 2.237147 1.636905
1.409109 2.295153 1.723458
1.456940 2.351381 1.815365
1.505342 2.405368 1.912700
1.554182 2.456621 2.015497
1.603310 2.504612 2.123739
1.652557 2.548786 2.237357
1.701737 2.588563 2.356218
1.750644 2.623345 2.480121
1.799053 2.652523 2.608788
1.846723 2.675488 2.741861
1.893391 2.691639 2.878895
1.938784 2.700395 3.019358
1.982610 2.701208 3.162625
2.024566 2.693580 3.307984
2.064342 2.677073 3.454636
2.101622 2.651327 3.601702
2.136085 2.616073 3.748236
2.167418 2.571147 3.893228
2.195312 2.516501 4.035632
2.219472 2.452213 4.174371
2.239622 2.378496 4.308368
2.255506 2.295697 4.436561
2.266901 2.204300 4.557928
2.273613 2.104920 4.671511
2.275489 1.998293 4.776437
2.272414 1.885266 4.871938
2.264320 1.766779 4.957371
2.251184 1.643844 5.032230
2.233030 1.517526 5.096158
2.209928 1.388919 5.148951
2.181997 1.259118 5.190559
2.149395 1.129201 5.221087
2.112325 1.000206 5.240778
2.071025 0.873109 5.250011
2.025766 0.748808 5.249279
1.976844 0.628110 5.239173
1.924580 0.511721 5.220365
1.869309 0.400238 5.193588
1.811378 0.294149 5.159613
1.751140 0.193832 5.119236
1.688948 0.099559 5.073254
1.625151 0.011499 5.022454
1.560089 -0.070270 4.967600
1.494091 -0.145753 4.909420
1.427471 -0.215031 4.848595
1.360526 -0.278246 4.785761
1.293533 -0.335594 4.721493
1.226750 -0.387315 4.656315
1.160411 -0.433679 4.590688
1.094731 -0.474983 4.525020
1.029901 -0.511539 4.459664
0.966091 -0.543670 4.394917
0.903451 -0.571700 4.331032
0.842109 -0.595954 4.268216
0.782174 -0.616749 4.206633
0.723738 -0.634395 4.146413
0.666876 -0.649187 4.087653
-1.939432 -1.627964 4.355310
-1.725585 -0.791264 4.651949
1.337351 0.111512 4.487186
1.145290 -0.127476 4.360400
-1.750416 -2.152180 3.254103
-1.777070 -2.142965 3.344958
-1.802163 -2.128884 3.435998
-1.825536 -2.109828 3.526793
-1.847035 -2.085725 3.616886
-1.866508 -2.056546 3.705810
1.988032 1.952408 4.135144
1.995351 1.891397 4.217983
1.999569 1.825641 4.296118
2.000606 1.755529 4.369087
1.998402 1.681497 4.436476
1.992922 1.604024 4.497925
-1.797379 -2.657578 2.593636
-1.845355 -2.681315 2.727063
-1.892354 -2.698244 2.864532
-1.938097 -2.707776 3.005514
-1.982294 -2.709355 3.149387
-2.024641 -2.702471 3.295440
-2.064825 -2.686674 3.442876
-2.102526 -2.661594 3.590814
-2.137424 -2.626950 3.738303
-2.169199 -2.582564 3.884330
-2.197540 -2.528379 4.027838
-2.222149 -2.464463 4.167745
-2.242743 -2.391018 4.302960
-2.259065 -2.308383 4.432409
-2.270884 -2.217038 4.555054
-2.278004 -2.117591 4.669923
-2.280266 -2.010781 4.776127
-2.277552 -1.897453 4.872881
-2.269789 -1.778551 4.959527
-2.256949 -1.655095 5.035544
-2.239054 -1.528156 5.100560
-2.216173 -1.398838 5.154359
-2.188419 -1.268250 5.196883
-2.155952 -1.137483 5.228226
-2.118973 -1.007588 5.248629
-2.077719 -0.879554 5.258466
-2.032461 -0.754294 5.258229
-1.983498 -0.632629 5.248512
-1.931152 -0.515277 5.229992
-1.875760 -0.402847 5.203405
-1.817672 -0.295838 5.169531
-1.757242 -0.194636 5.129172
-1.694828 -0.099519 5.083135
-1.630780 -0.010664 5.032217
-1.565443 0.071848 4.977190
-1.499150 0.148020 4.918791
-1.432217 0.217931 4.857713
-1.364944 0.281722 4.794596
-1.297612 0.339591 4.730027
-1.230480 0.391778 4.664534
-1.163788 0.438557 4.598587
-1.199243 -1.897318 1.718881
-1.933316 -2.377726 3.473070
-1.962489 -2.353993 3.588779
-1.989310 -2.323302 3.703673
-2.013560 -2.285589 3.817061
-2.035031 -2.240870 3.928228
-2.053520 -2.189236 4.036453
-2.068843 -2.130861 4.141016
-2.080829 -2.066005 4.241214
-2.089330 -1.995006 4.336370
-2.094218 -1.918283 4.425852
-2.095392 -1.836328 4.509077
-2.092777 -1.749700 4.585530
-2.086329 -1.659013 4.654767
-2.076033 -1.564930 4.716432
-2.061903 -1.468144 4.770251
-2.043986 -1.369372 4.816048
-2.022360 -1.269339 4.853738
-1.997129 -1.168765 4.883330
-1.968426 -1.068349 4.904922
-1.936410 -0.968764 4.918696
-1.901262 -0.870641 4.924911
-1.863183 -0.774563 4.923894
-1.822390 -0.681057 4.916031
-1.779115 -0.590588 4.901756
-1.733599 -0.503556 4.881537
-1.686089 -0.420295 4.855871
-1.636837 -0.341072 4.825270
-1.586097 -0.266090 4.790252
-1.534117 -0.195489 4.751331
-1.481142 -0.129351 4.709011
-0.942760 -1.682778 0.833496
-0.981862 -1.746366 0.879255
-1.022280 -1.811168 0.928914
-1.064012 -1.877033 0.982720
-1.107050 -1.943780 1.040925
-1.151377 -2.011194 1.103782
-1.196968 -2.079028 1.171543
-1.243784 -2.146999 1.244455
-1.291777 -2.214781 1.322759
-1.340884 -2.282010 1.406678
-1.391028 -2.348275 1.496419
-1.442116 -2.413121 1.592161
-1.494037 -2.476049 1.694052
-1.546661 -2.536512 1.802199
-1.599837 -2.593920 1.916657
-1.653395 -2.647641 2.037427
-1.707142 -2.697006 2.164440
-1.760861 -2.741313 2.297549
-1.814313 -2.779837 2.436523
-1.867235 -2.811837 2.581035
-1.919342 -2.836570 2.730655
-1.970327 -2.853304 2.884846
-2.019864 -2.861331 3.042956
-2.067607 -2.859990 3.204219
-2.113199 -2.848678 3.367757
0.984945 1.706948 1.053213
-1.984323 -2.462467 3.507428
-2.015189 -2.435673 3.632345
-2.043484 -2.401145 3.756277
-2.068964 -2.358819 3.878431
-2.091393 -2.308723 3.997996
-2.110549 -2.250975 4.114148
-2.126225 -2.185792 4.226072
-2.138234 -2.113487 4.332973
-2.146413 -2.034471 4.434090
-2.150626 -1.949245 4.528718
-2.150764 -1.858392 4.616215
-2.146753 -1.762573 4.696021
-2.138551 -1.662510 4.767665
-2.126150 -1.558975 4.830776
-2.109581 -1.452774 4.885091
-2.088905 -1.344732 4.930454
-2.064222 -1.235676 4.966821
-2.035660 -1.126420 4.994256
-2.003382 -1.017751 5.012924
-1.967576 -0.910413 5.023085
-1.928455 -0.805099 5.025085
-1.526860 -0.095403 4.807088
-1.469692 -0.027687 4.759124
-1.411874 0.035038 4.708442
-1.353651 0.092837 4.655548
-1.295254 0.145821 4.600912
-1.236901 0.194137 4.544965
-1.178794 0.237962 4.488098
-1.121118 0.277499 4.430664
-1.064041 0.312968 4.372974
-1.007715 0.344600 4.315300
2.043988 1.434339 4.761007
2.025310 1.337189 4.803820
2.003028 1.238994 4.838724
1.977253 1.140448 4.865752
-1.579556 -2.035590 2.912631
-0.999926 -1.715995 1.124066
-1.940578 -1.854192 4.125985
-1.945453 -1.795680 4.199584
-1.947451 -1.733135 4.268710
-1.878469 -1.217002 4.601678
-1.857033 -1.137701 4.625635
-1.832919 -1.058463 4.643607
-1.676813 -0.678365 4.649257
1.896845 2.280734 3.499088
1.923129 2.256443 3.605398
-2.136891 -2.796474 3.514068
-2.176509 -2.765402 3.675348
-2.212953 -2.723490 3.835769
-2.245864 -2.670572 3.994141
-2.274890 -2.606629 4.149228
-2.299697 -2.531797 4.299767
-2.319974 -2.446374 4.444499
-2.335438 -2.350826 4.582195
-2.345842 -2.245780 4.711683
-2.350981 -2.132020 4.831880
-2.350693 -2.010473 4.941819
-2.344871 -1.882188 5.040669
-2.333456 -1.748319 5.127760
-2.316448 -1.610093 5.202597
-2.293901 -1.468786 5.264871
-2.265925 -1.325689 5.314459
-2.232681 -1.182082 5.351426
-2.194382 -1.039203 5.376016
-2.151284 -0.898222 5.388636
-2.103685 -0.760221 5.389841
-2.051914 -0.626175 5.380312
-1.996331 -0.496935 5.360830
-1.937316 -0.373223 5.332255
-1.875260 -0.255628 5.295497
-1.810567 -0.144603 5.251496
-1.743637 -0.040472 5.201200
-1.674870 0.056565 5.145540
-1.604655 0.146419 5.085419
-1.533367 0.229105 5.021695
-1.461365 0.304725 4.955171
-1.388986 0.373458 4.886589
-1.316545 0.435543 4.816621
-1.244333 0.491273 4.745869
-1.172616 0.540975 4.674865
-1.101634 0.585004 4.604072
-1.031602 0.623733 4.533884
-0.962709 0.657544 4.464635
-0.523431 0.787583 4.023209
1.288860 1.940643 2.029941
-2.225295 -1.811162 4.830333
-2.215885 -1.698345 4.908077
-2.201751 -1.581705 4.975919
-2.182929 -1.462216 5.033576
-2.159499 -1.340869 5.080898
1.106997 1.812308 1.470073
1.184238 1.919013 1.579796
1.224123 1.972059 1.640571
1.264786 2.024575 1.705469
1.306168 2.076283 1.774609
1.348197 2.126881 1.848094
1.390792 2.176040 1.926004
1.433860 2.223405 2.008396
1.477292 2.268594 2.095292
1.006363 -0.265013 4.256075
-1.020489 0.260499 4.273080
-1.743632 -2.558830 2.571528
-1.789350 -2.583376 2.694587
-1.834233 -2.601909 2.821490
-1.878033 -2.613899 2.951793
-1.920492 -2.618840 3.084972
-1.961340 -2.616263 3.220424
-2.000295 -2.605744 3.357469
-2.037073 -2.586924 3.495355
-2.071382 -2.559515 3.633264
-2.102934 -2.523315 3.770319
-2.131445 -2.478217 3.905599
-2.156639 -2.424223 4.038151
-2.178252 -2.361445 4.167008
-2.196041 -2.290114 4.291202
-2.209783 -2.210582 4.409791
-2.219284 -2.123316 4.521873
-2.224378 -2.028898 4.626606
-2.224937 -1.928014 4.723228
-2.130749 -1.234924 5.103715
-2.099276 -1.113632 5.131767
-2.063673 -0.993226 5.149889
-2.024160 -0.874578 5.158419
-1.980988 -0.758487 5.157798
-1.934429 -0.645676 5.148553
-1.884775 -0.536777 5.131280
-1.832336 -0.432328 5.106628
-1.777426 -0.332773 5.075282
-1.720370 -0.238458 5.037949
-1.661488 -0.149636 4.995339
-1.601100 -0.066471 4.948156
-1.539519 0.010954 4.897083
-1.477045 0.082631 4.842775
-1.413970 0.148619 4.785849
-1.350564 0.209034 4.726878
-1.287087 0.264038 4.666391
-1.223775 0.313835 4.604867
-1.160848 0.358661 4.542733
-1.098507 0.398773 4.480370
-1.036931 0.434446 4.418106
-0.976280 0.465966 4.356229
-0.916696 0.493623 4.294977
-0.858303 0.517706 4.234554
-0.801205 0.538504 4.175122
-0.745492 0.556297 4.116815
1.626162 2.535170 2.156152
1.675847 2.578302 2.272998
1.725395 2.616755 2.395102
1.774590 2.649917 2.522233
1.823197 2.677164 2.654079
1.870964 2.697876 2.790244
1.917619 2.711445 2.930243
1.962876 2.717292 3.073497
2.006436 2.714873 3.219337
2.047986 2.703701 3.367004
2.087209 2.683357 3.515650
2.123779 2.653509 3.664352
2.157375 2.613922 3.812117
2.187677 2.564472 3.957900
2.214377 2.505162 4.100618
2.237181 2.436125 4.239171
2.255815 2.357632 4.372462
2.270033 2.270096 4.499423
2.279619 2.174066 4.619036
2.284390 2.070221 4.730355
2.284209 1.959364 4.832535
2.278976 1.842400 4.924842
2.268642 1.720324 5.006680
2.253203 1.594194 5.077597
2.232703 1.465112 5.137298
2.207236 1.334200 5.185643
2.176940 1.202570 5.222654
2.141996 1.071307 5.248503
2.102627 0.941444 5.263503
2.059090 0.813942 5.268097
2.011672 0.689678 5.262837
1.960688 0.569427 5.248368
1.906471 0.453859 5.225410
1.849368 0.343531 5.194731
1.789735 0.238887 5.157133
1.727931 0.140259 5.113433
1.664314 0.047874 5.064441
1.599235 -0.038144 5.010953
1.533034 -0.117757 4.953730
1.466040 -0.191011 4.893494
1.398563 -0.258022 4.830918
1.330895 -0.318964 4.766620
1.263308 -0.374062 4.701161
1.196053 -0.423576 4.635042
1.129357 -0.467800 4.568707
1.063427 -0.507045 4.502542
0.925668 1.660573 0.789676
0.964457 1.724251 0.834228
1.004580 1.789235 0.882614
1.046039 1.855384 0.935083
1.088830 1.922529 0.991891
1.132940 1.990468 1.053296
1.178348 2.058967 1.119558
1.225022 2.127754 1.190933
1.272918 2.196518 1.267671
1.321980 2.264906 1.350010
1.372136 2.332522 1.438171
1.423300 2.398922 1.532352
1.475367 2.463618 1.632722
1.528215 2.526072 1.739410
1.581700 2.585702 1.852501
1.635659 2.641881 1.972022
1.689905 2.693940 2.097938
1.744229 2.741177 2.230137
1.798396 2.782858 2.368422
1.852151 2.818231 2.512505
1.905212 2.846534 2.661995
1.957276 2.867012 2.816390
2.008019 2.878926 2.975075
2.057096 2.881576 3.137317
2.104148 2.874318 3.302267
2.148801 2.856582 3.468958
2.190672 2.827894 3.636322
2.229378 2.787894 3.803191
2.264535 2.736360 3.968321
2.295768 2.673218 4.130408
2.322717 2.598558 4.288114
2.345044 2.512647 4.440094
2.362442 2.415929 4.585026
2.374637 2.309026 4.721642
2.381398 2.192731 4.848763
2.382542 2.067995 4.965322
2.377940 1.935910 5.070400
2.367516 1.797684 5.163245
2.351256 1.654612 5.243289
2.329203 1.508048 5.310165
2.301461 1.359368 5.363708
2.268189 1.209943 5.403955
2.229601 1.061103 5.431141
2.185959 0.914108 5.445678
2.137571 0.770127 5.448142
2.084780 0.630214 5.439247
2.027960 0.495291 5.419820
1.967509 0.366142 5.390774
1.903839 0.243405 5.353082
1.837374 0.127574 5.307747
1.768537 0.019000 5.255783
1.697749 -0.082100 5.198188
1.625421 -0.175628 5.135929
1.551948 -0.261599 5.069924
1.477710 -0.340124 5.001032
1.403061 -0.411396 4.930044
1.328335 -0.475672 4.857676
1.253837 -0.533267 4.784571
1.179849 -0.584533 4.711291
1.106621 -0.629850 4.638324
1.034380 -0.669619 4.566088
0.963324 -0.704246 4.494932
0.893624 -0.734140 4.425141
0.825430 -0.759703 4.356943
0.758865 -0.781328 4.290518
0.694031 -0.799393 4.225997
0.631011 -0.814256 4.163472
0.569868 -0.826259 4.103002
0.510648 -0.835721 4.044616
-1.876813 -1.488716 4.351173
1.155730 1.884001 1.526986
1.534820 2.329621 2.205003
1.578873 2.368699 2.302662
1.622854 2.404186 2.404685
1.666596 2.435616 2.510913
1.709918 2.462515 2.621133
1.752624 2.484408 2.735071
1.794506 2.500825 2.852390
1.835344 2.511310 2.972686
1.874905 2.515428 3.095492
1.912948 2.512778 3.220272
1.949223 2.503000 3.346425
1.983478 2.485788 3.473291
2.015455 2.460898 3.600153
2.044899 2.428157 3.726250
2.071559 2.387476 3.850778
2.095191 2.338854 3.972911
2.115564 2.282384 4.091807
2.132461 2.218261 4.206628
2.145686 2.146776 4.316551
2.155063 2.068322 4.420786
2.160445 1.983388 4.518593
2.161715 1.892551 4.609297
2.158785 1.796468 4.692299
2.151603 1.695863 4.767094
2.140154 1.591517 4.833274
2.124456 1.484249 4.890542
2.104565 1.374901 4.938713
2.080573 1.264322 4.977714
-1.554204 -2.442695 2.045898
-1.602683 -2.489315 2.153030
-1.651245 -2.532116 2.265395
-1.699707 -2.570533 2.382855
-1.747864 -2.603984 2.505200
1.812258 2.486892 2.935024
1.851686 2.493086 3.054884
1.889700 2.492797 3.176849
1.926059 2.485663 3.300356
1.960516 2.471367 3.424784
1.992824 2.449653 3.549453
2.022732 2.420328 3.673640
2.049994 2.383278 3.796576
2.074371 2.338469 3.917469
2.095631 2.285960 4.035504
2.113559 2.225903 4.149865
2.127955 2.158545 4.259747
2.138642 2.084231 4.364371
2.145466 2.003399 4.462997
2.148301 1.916575 4.554944
2.147050 1.824368 4.639602
2.141649 1.727455 4.716440
2.132070 1.626570 4.785025
2.118316 1.522494 4.845022
2.100429 1.416036 4.896204
2.078482 1.308018 4.938455
2.052584 1.199258 4.971765
2.022875 1.090558 4.996232
1.989524 0.982687 5.012050
1.952728 0.876369 5.019507
1.912705 0.772272 5.018971
1.869694 0.670998 5.010879
1.823950 0.573081 4.995723
1.775739 0.478976 4.974040
0.881392 -0.400314 4.180696
-1.855672 -1.221134 4.551364
1.950561 2.224929 3.721164
1.971969 2.187434 3.824919
1.990735 2.143684 3.926376
2.006686 2.093793 4.024903
2.019664 2.037947 4.119876
2.029528 1.976400 4.210688
2.036153 1.909476 4.296761
2.039436 1.837564 4.377556
2.039298 1.761113 4.452581
2.035681 1.680625 4.521405
2.028555 1.596649 4.583659
2.017916 1.509768 4.639047
2.003787 1.420593 4.687350
1.986216 1.329751 4.728425
1.965278 1.237871 4.762211
1.941074 1.145577 4.788724
1.913726 1.053478 4.808054
-1.078967 -1.803468 1.332507
-1.117927 -1.859943 1.384957
-1.157871 -1.916619 1.441373
-1.198763 -1.973275 1.501927
-1.240560 -2.029664 1.566783
-1.283209 -2.085510 1.636092
-1.326645 -2.140506 1.709991
-1.370793 -2.194319 1.788599
-1.415563 -2.246581 1.872009
-1.460855 -2.296897 1.960286
-1.506552 -2.344844 2.053462
-1.552523 -2.389968 2.151527
-1.598621 -2.431795 2.254429
-1.644685 -2.469828 2.362062
-1.690535 -2.503553 2.474263
-2.202980 -1.810253 4.780402
-2.194503 -1.701803 4.857499
-2.181458 -1.589520 4.925155
-2.163875 -1.474324 4.983075
-2.141823 -1.357154 5.031092
-1.020097 -1.738545 1.178958
1.715558 2.159240 3.139424
1.744025 2.155987 3.229655
-2.256599 -1.476273 5.179455
-2.230595 -1.341094 5.229120
-2.199593 -1.205186 5.266984
-2.163782 -1.069689 5.293235
1.563091 2.136972 2.684788
1.597022 2.155089 2.768539
1.630346 2.169580 2.854661
1.662920 2.180171 2.942913
1.694594 2.186595 3.033015
1.819914 0.998566 4.667221
1.726534 0.765663 4.673883
1.691142 0.691626 4.665495
1.653904 0.619937 4.652285
1.615003 0.550863 4.634582
-1.900570 -2.048962 3.804629
-1.916064 -2.008614 3.892421
-1.929047 -1.963190 3.977508
-1.939395 -1.912867 4.059394
1.402193 0.161414 4.556756
1.260515 0.016077 4.433905
1.507432 2.285196 2.185806
1.550594 2.324565 2.279263
1.593737 2.360630 2.376984
1.636707 2.392948 2.478837
1.679334 2.421070 2.584636
1.721435 2.444541 2.694143
1.762814 2.462909 2.807057
1.730084 0.408968 4.941139
1.678463 0.323453 4.909355
1.625176 0.242562 4.872725
-1.045820 -1.763874 1.258116
